000.0,00199,00149,00161,00151,00133,00115,00150,00122,00115,00107,00081,00101,00072,00078,00058,00073,00027,00040,00048,00039
000.1,00188,00134,00149,00132,00153,00135,00165,00144,00135,00094,00103,00081,00105,00063,00060,00060,00030,00020,00018,00000
000.2,00162,00135,00154,00140,00160,00158,00165,00144,00134,00101,00105,00078,00118,00077,00054,00051,00020,00000,00000,00000
000.3,00135,00131,00160,00143,00173,00162,00165,00154,00137,00122,00117,00117,00115,00110,00117,00111,00095,00070,00080,00019
000.4,00134,00136,00141,00146,00162,00147,00153,00133,00117,00110,00111,00115,00099,00085,00105,00088,00081,00053,00059,00000
000.5,00110,00147,00155,00141,00160,00137,00141,00139,00122,00104,00099,00088,00091,00058,00073,00067,00052,00024,00032,00000
000.6,00114,00168,00170,00151,00168,00143,00143,00161,00123,00108,00123,00106,00112,00099,00084,00057,00076,00046,00039,00010
000.7,00120,00172,00165,00146,00152,00139,00145,00145,00125,00115,00110,00096,00097,00088,00069,00045,00046,00022,00000,00000
000.8,00107,00177,00162,00151,00154,00131,00130,00137,00107,00099,00081,00087,00080,00063,00055,00039,00025,00000,00000,00000
000.9,00100,00171,00158,00140,00137,00132,00132,00138,00114,00088,00110,00095,00091,00097,00092,00093,00084,00048,00059,00025
001.0,00104,00165,00141,00147,00129,00127,00124,00115,00104,00069,00090,00079,00073,00079,00086,00083,00063,00034,00050,00000
001.1,00168,00155,00149,00141,00133,00126,00118,00110,00096,00067,00079,00079,00071,00051,00058,00057,00034,00000,00021,00000
001.2,00203,00158,00152,00147,00147,00136,00133,00117,00117,00101,00091,00104,00071,00065,00083,00090,00074,00033,00032,00012
001.3,00195,00149,00146,00121,00136,00115,00115,00110,00104,00080,00080,00092,00079,00061,00079,00066,00064,00018,00016,00000
001.4,00170,00149,00151,00114,00121,00113,00109,00131,00097,00082,00078,00078,00064,00045,00046,00037,00033,00000,00000,00000
001.5,00164,00155,00154,00127,00131,00138,00127,00139,00117,00116,00113,00129,00093,00114,00110,00114,00080,00070,00070,00040
001.6,00139,00161,00150,00141,00130,00119,00112,00117,00095,00095,00097,00107,00082,00089,00092,00092,00064,00056,00050,00005
001.7,00107,00150,00158,00143,00126,00117,00115,00119,00079,00082,00088,00089,00072,00057,00061,00060,00028,00019,00023,00000
001.8,00143,00175,00179,00153,00142,00151,00153,00145,00131,00103,00103,00117,00096,00094,00088,00085,00056,00039,00042,00000
001.9,00125,00170,00177,00138,00141,00145,00134,00138,00120,00110,00106,00108,00086,00083,00068,00059,00034,00000,00003,00000
002.0,00117,00179,00169,00155,00125,00126,00118,00129,00106,00100,00082,00078,00063,00055,00038,00028,00000,00000,00000,00000
002.1,00095,00170,00163,00148,00137,00126,00151,00127,00125,00128,00102,00163,00101,00121,00113,00126,00118,00077,00046,00055
002.2,00123,00146,00150,00135,00146,00120,00140,00126,00117,00147,00135,00153,00110,00109,00120,00123,00103,00060,00050,00050
002.3,00126,00133,00154,00146,00137,00117,00129,00130,00103,00136,00121,00138,00102,00085,00102,00103,00078,00059,00028,00020
002.4,00132,00144,00152,00153,00142,00118,00127,00117,00108,00123,00109,00124,00090,00075,00099,00093,00081,00054,00046,00026
002.5,00197,00148,00145,00129,00130,00104,00103,00109,00090,00097,00080,00092,00058,00046,00063,00057,00047,00017,00008,00006
002.6,00171,00152,00148,00130,00115,00097,00096,00130,00065,00083,00071,00067,00059,00037,00037,00018,00007,00000,00000,00000
002.7,00149,00148,00142,00136,00116,00135,00110,00136,00128,00124,00103,00135,00103,00114,00117,00099,00075,00072,00054,00026
002.8,00149,00154,00138,00143,00121,00110,00108,00114,00102,00100,00093,00107,00086,00095,00096,00086,00066,00058,00042,00015
002.9,00139,00155,00145,00138,00112,00121,00111,00124,00093,00085,00084,00090,00071,00064,00069,00060,00036,00030,00018,00000
003.0,00127,00162,00187,00147,00151,00137,00140,00159,00130,00108,00119,00123,00110,00086,00070,00064,00064,00052,00028,00032
003.1,00119,00165,00173,00148,00137,00136,00137,00147,00134,00127,00108,00109,00084,00070,00064,00050,00058,00017,00000,00000
003.2,00116,00173,00168,00154,00126,00112,00119,00134,00105,00098,00090,00077,00061,00046,00040,00029,00031,00000,00000,00000
003.3,00091,00172,00159,00156,00115,00121,00128,00138,00094,00104,00095,00107,00081,00085,00100,00101,00084,00052,00038,00045
003.4,00087,00156,00146,00146,00125,00102,00112,00121,00082,00091,00087,00102,00075,00090,00095,00089,00073,00048,00034,00019
003.5,00176,00142,00148,00130,00127,00117,00111,00111,00073,00086,00081,00080,00064,00063,00065,00063,00044,00014,00012,00000
003.6,00199,00152,00156,00151,00136,00120,00126,00126,00097,00111,00068,00073,00071,00065,00066,00067,00058,00036,00035,00027
003.7,00198,00143,00146,00126,00129,00101,00113,00107,00095,00087,00079,00075,00059,00052,00045,00064,00045,00025,00024,00001
003.8,00171,00139,00136,00117,00109,00093,00096,00134,00079,00088,00063,00072,00050,00044,00023,00032,00006,00000,00000,00000
003.9,00148,00141,00149,00132,00127,00126,00124,00128,00114,00106,00114,00118,00075,00119,00101,00109,00092,00075,00044,00035
004.0,00136,00156,00145,00145,00122,00107,00111,00109,00088,00085,00090,00096,00062,00094,00086,00086,00072,00053,00038,00016
004.1,00124,00167,00173,00163,00117,00113,00105,00106,00093,00072,00082,00080,00066,00059,00062,00062,00035,00012,00004,00000
004.2,00138,00174,00176,00176,00140,00133,00150,00158,00120,00112,00115,00106,00108,00081,00091,00057,00052,00037,00028,00037
004.3,00184,00170,00170,00170,00142,00139,00136,00159,00121,00120,00107,00103,00094,00086,00070,00052,00039,00021,00000,00000
004.4,00168,00172,00163,00157,00131,00122,00113,00135,00097,00092,00087,00084,00066,00059,00043,00025,00006,00000,00000,00000
004.5,00149,00169,00154,00148,00135,00129,00141,00142,00114,00108,00121,00130,00106,00120,00113,00117,00111,00091,00051,00023
004.6,00134,00155,00146,00136,00135,00126,00126,00133,00104,00129,00111,00138,00097,00105,00111,00112,00087,00072,00059,00000
004.7,00136,00145,00157,00153,00130,00129,00114,00122,00095,00133,00101,00120,00092,00084,00090,00094,00071,00049,00030,00000
004.8,00172,00158,00159,00161,00138,00141,00123,00127,00099,00119,00103,00110,00085,00096,00086,00083,00075,00037,00052,00024
004.9,00189,00144,00146,00131,00134,00118,00097,00102,00083,00093,00079,00078,00060,00065,00054,00047,00040,00005,00017,00000
005.0,00161,00135,00145,00124,00108,00100,00096,00126,00071,00085,00069,00066,00046,00053,00025,00031,00008,00000,00000,00000
005.1,00140,00138,00159,00141,00133,00127,00114,00121,00141,00091,00114,00130,00111,00101,00109,00122,00098,00071,00071,00046
005.2,00137,00132,00151,00143,00127,00107,00104,00102,00116,00088,00094,00110,00098,00090,00098,00102,00084,00058,00049,00019
005.3,00117,00136,00143,00139,00115,00116,00104,00117,00104,00086,00087,00089,00077,00067,00071,00070,00050,00023,00017,00000
005.4,00132,00175,00170,00160,00148,00144,00132,00147,00125,00117,00113,00105,00101,00082,00072,00067,00061,00037,00014,00000
005.5,00119,00164,00172,00144,00148,00132,00142,00150,00113,00114,00104,00102,00081,00089,00063,00061,00042,00027,00000,00000
005.6,00109,00167,00169,00153,00133,00128,00124,00131,00104,00091,00081,00091,00061,00066,00035,00040,00016,00000,00000,00000
005.7,00105,00169,00167,00153,00126,00122,00121,00123,00103,00097,00100,00105,00085,00095,00108,00097,00083,00075,00052,00043
005.8,00105,00156,00147,00145,00127,00105,00107,00105,00083,00074,00083,00091,00072,00079,00088,00081,00067,00054,00038,00021
005.9,00147,00145,00144,00151,00132,00111,00101,00107,00085,00077,00086,00080,00071,00047,00058,00053,00038,00017,00013,00000
006.0,00198,00157,00149,00154,00142,00124,00115,00117,00106,00099,00074,00080,00057,00056,00059,00056,00045,00015,00013,00023
006.1,00188,00136,00149,00126,00129,00106,00102,00108,00098,00077,00058,00061,00043,00036,00037,00039,00021,00000,00000,00000
006.2,00165,00145,00144,00121,00114,00106,00096,00126,00105,00093,00067,00059,00062,00053,00029,00015,00000,00000,00000,00000
006.3,00139,00155,00155,00137,00134,00132,00118,00143,00131,00109,00108,00117,00102,00111,00104,00101,00089,00073,00071,00037
006.4,00129,00152,00141,00147,00129,00114,00110,00122,00107,00095,00101,00104,00092,00091,00092,00087,00082,00058,00059,00018
006.5,00112,00156,00160,00145,00111,00124,00111,00110,00092,00091,00088,00088,00079,00058,00068,00061,00047,00019,00023,00000
006.6,00137,00166,00182,00158,00141,00130,00140,00146,00127,00114,00104,00081,00100,00084,00084,00074,00066,00029,00044,00009
006.7,00130,00168,00173,00144,00132,00144,00145,00139,00121,00118,00110,00089,00080,00077,00076,00065,00042,00000,00003,00000
006.8,00128,00174,00162,00149,00126,00137,00128,00123,00107,00098,00088,00078,00055,00059,00048,00039,00013,00000,00000,00000
006.9,00131,00165,00154,00154,00140,00125,00134,00140,00126,00108,00116,00141,00093,00117,00110,00091,00063,00070,00044,00041
007.0,00113,00150,00144,00141,00146,00118,00137,00132,00106,00107,00128,00138,00109,00102,00106,00088,00074,00060,00061,00058
007.1,00113,00150,00147,00144,00140,00107,00125,00129,00097,00118,00116,00134,00102,00086,00089,00074,00059,00039,00024,00019
007.2,00177,00151,00157,00156,00140,00129,00133,00122,00087,00106,00099,00122,00106,00080,00083,00077,00075,00041,00037,00031
007.3,00193,00150,00142,00133,00128,00100,00103,00105,00082,00085,00071,00087,00073,00050,00052,00042,00041,00011,00004,00000
007.4,00169,00147,00154,00132,00118,00100,00111,00120,00095,00074,00063,00071,00061,00031,00034,00014,00006,00000,00000,00000
007.5,00149,00135,00151,00140,00114,00144,00107,00132,00108,00094,00111,00119,00115,00113,00109,00090,00080,00061,00071,00059
007.6,00144,00128,00138,00144,00126,00126,00105,00116,00102,00091,00099,00120,00107,00101,00104,00097,00088,00065,00058,00035
007.7,00132,00144,00139,00176,00124,00122,00112,00121,00096,00086,00100,00098,00084,00077,00076,00067,00051,00034,00026,00000
007.8,00127,00183,00181,00192,00143,00133,00154,00157,00128,00115,00094,00107,00103,00096,00084,00061,00067,00061,00046,00001
007.9,00118,00165,00171,00183,00154,00128,00142,00146,00135,00114,00105,00102,00092,00086,00067,00048,00039,00032,00004,00000
008.0,00113,00170,00165,00178,00136,00125,00120,00133,00115,00088,00080,00089,00070,00065,00050,00047,00025,00000,00000,00000
008.1,00103,00168,00165,00173,00126,00126,00115,00132,00110,00093,00081,00103,00095,00100,00083,00090,00082,00030,00023,00006
008.2,00087,00152,00151,00157,00127,00110,00107,00117,00089,00078,00066,00080,00070,00084,00074,00076,00068,00040,00038,00000
008.3,00139,00153,00148,00146,00125,00120,00105,00115,00086,00075,00083,00072,00079,00057,00053,00053,00039,00017,00012,00000
008.4,00199,00161,00135,00149,00125,00126,00117,00122,00109,00095,00064,00074,00060,00065,00054,00030,00027,00000,00009,00000
008.5,00190,00145,00131,00136,00128,00110,00115,00119,00102,00107,00071,00115,00054,00059,00065,00037,00040,00000,00000,00003
008.6,00159,00159,00178,00149,00141,00137,00132,00148,00123,00125,00096,00102,00084,00066,00074,00073,00054,00027,00020,00008
008.7,00139,00167,00162,00146,00141,00132,00133,00146,00118,00123,00110,00117,00087,00107,00122,00129,00109,00071,00065,00042
008.8,00135,00155,00149,00146,00144,00138,00141,00147,00114,00130,00129,00139,00107,00104,00104,00111,00099,00071,00065,00049
008.9,00129,00172,00163,00172,00157,00136,00155,00146,00141,00136,00129,00116,00091,00091,00093,00101,00073,00046,00050,00045
009.0,00142,00178,00168,00183,00152,00146,00155,00163,00133,00133,00123,00113,00123,00094,00071,00080,00061,00039,00025,00031
009.1,00165,00173,00178,00162,00132,00136,00146,00155,00121,00118,00114,00106,00102,00083,00081,00070,00049,00013,00001,00016
009.2,00149,00172,00178,00151,00132,00126,00130,00143,00115,00114,00101,00099,00095,00070,00065,00068,00047,00031,00009,00000
009.3,00138,00173,00166,00157,00150,00136,00140,00138,00117,00105,00099,00097,00089,00094,00090,00088,00085,00030,00026,00031
009.4,00139,00155,00143,00145,00136,00117,00136,00127,00105,00092,00086,00091,00077,00076,00088,00082,00071,00036,00034,00000
009.5,00128,00174,00171,00155,00151,00155,00146,00146,00134,00114,00107,00092,00091,00079,00095,00080,00071,00040,00045,00030
009.6,00162,00163,00169,00169,00148,00147,00140,00149,00124,00098,00103,00085,00090,00074,00093,00075,00063,00069,00053,00051
009.7,00168,00152,00157,00141,00158,00150,00136,00156,00119,00107,00102,00081,00098,00070,00082,00077,00053,00052,00021,00020
009.8,00140,00139,00164,00135,00164,00154,00150,00149,00118,00107,00108,00086,00101,00066,00063,00061,00043,00023,00000,00000
009.9,00120,00141,00160,00137,00144,00157,00149,00140,00120,00097,00104,00122,00121,00085,00108,00091,00107,00063,00047,00052
010.0,00101,00140,00149,00133,00148,00152,00142,00148,00109,00117,00099,00129,00103,00077,00095,00094,00086,00059,00037,00012
010.1,00094,00154,00147,00126,00143,00146,00140,00149,00108,00124,00097,00112,00092,00054,00087,00072,00061,00047,00025,00000
010.2,00128,00181,00172,00168,00151,00152,00156,00158,00107,00115,00131,00125,00108,00104,00092,00085,00066,00059,00071,00053
010.3,00119,00179,00166,00149,00152,00139,00136,00144,00134,00125,00107,00112,00099,00085,00087,00064,00052,00037,00039,00016
010.4,00114,00171,00164,00155,00148,00140,00123,00132,00109,00098,00088,00084,00069,00059,00056,00030,00012,00000,00000,00000
010.5,00108,00174,00154,00143,00136,00136,00134,00138,00105,00095,00094,00093,00098,00100,00082,00094,00085,00059,00057,00029
010.6,00110,00154,00142,00146,00134,00124,00120,00122,00087,00084,00088,00092,00080,00086,00082,00079,00069,00047,00053,00010
010.7,00165,00147,00148,00143,00133,00117,00114,00117,00084,00069,00085,00075,00075,00064,00057,00053,00043,00017,00028,00000
010.8,00201,00161,00166,00150,00141,00130,00127,00129,00107,00078,00086,00080,00068,00069,00056,00054,00040,00013,00024,00008
010.9,00185,00150,00151,00127,00126,00119,00115,00108,00105,00080,00073,00073,00045,00047,00038,00029,00019,00000,00001,00000
011.0,00158,00141,00153,00116,00112,00105,00104,00128,00095,00085,00071,00063,00054,00042,00018,00005,00000,00000,00000,00000
011.1,00136,00146,00157,00122,00107,00134,00121,00151,00111,00108,00101,00111,00100,00114,00123,00108,00107,00070,00041,00041
011.2,00116,00152,00145,00147,00120,00113,00110,00130,00090,00094,00090,00098,00086,00096,00100,00094,00082,00048,00040,00014
011.3,00096,00156,00156,00139,00110,00124,00118,00125,00082,00079,00085,00084,00072,00065,00072,00067,00048,00010,00015,00000
011.4,00124,00174,00177,00167,00158,00154,00148,00154,00137,00124,00100,00102,00110,00100,00076,00092,00055,00049,00052,00036
011.5,00113,00174,00170,00160,00150,00146,00135,00141,00129,00118,00095,00093,00089,00086,00066,00070,00040,00030,00011,00000
011.6,00111,00173,00166,00160,00136,00124,00116,00133,00108,00090,00074,00075,00069,00065,00036,00032,00008,00000,00000,00000
011.7,00102,00159,00160,00146,00128,00123,00122,00132,00135,00117,00108,00139,00100,00102,00086,00126,00101,00042,00056,00051
011.8,00118,00145,00142,00144,00135,00115,00132,00135,00130,00122,00122,00132,00110,00101,00115,00109,00105,00057,00059,00047
011.9,00128,00149,00146,00148,00140,00112,00143,00134,00110,00130,00110,00139,00107,00086,00097,00091,00084,00063,00036,00007
012.0,00159,00146,00154,00159,00137,00122,00131,00137,00116,00120,00099,00127,00105,00089,00094,00079,00093,00060,00031,00052
012.1,00196,00156,00155,00130,00125,00104,00111,00110,00089,00093,00070,00094,00072,00063,00062,00043,00057,00023,00002,00016
012.2,00160,00148,00150,00130,00110,00094,00107,00129,00081,00083,00064,00072,00063,00048,00028,00004,00017,00000,00000,00000
012.3,00140,00144,00148,00138,00126,00128,00108,00145,00114,00117,00127,00120,00119,00101,00103,00098,00103,00076,00039,00055
012.4,00135,00148,00136,00141,00128,00111,00104,00130,00098,00096,00111,00111,00098,00093,00110,00093,00085,00058,00046,00023
012.5,00138,00159,00139,00131,00117,00123,00097,00125,00092,00080,00102,00093,00083,00062,00078,00063,00050,00034,00020,00000
012.6,00130,00167,00179,00157,00156,00145,00138,00154,00129,00128,00111,00120,00094,00086,00092,00073,00064,00021,00041,00030
012.7,00124,00173,00173,00153,00149,00135,00140,00144,00112,00120,00110,00107,00081,00080,00082,00061,00044,00000,00001,00000
012.8,00105,00170,00169,00154,00134,00123,00117,00129,00092,00100,00086,00092,00062,00054,00054,00045,00020,00000,00000,00000
012.9,00076,00166,00161,00153,00129,00129,00120,00135,00116,00103,00098,00121,00086,00092,00099,00097,00082,00053,00016,00022
013.0,00094,00152,00149,00150,00124,00117,00114,00116,00089,00085,00084,00102,00071,00081,00089,00085,00063,00045,00042,00005
013.1,00158,00146,00148,00146,00124,00115,00107,00112,00092,00071,00082,00079,00074,00062,00063,00062,00031,00010,00016,00000
013.2,00208,00154,00165,00150,00137,00115,00122,00122,00116,00090,00089,00085,00063,00078,00065,00080,00076,00055,00041,00019
013.3,00195,00147,00152,00130,00133,00107,00113,00098,00091,00083,00077,00079,00053,00068,00065,00073,00060,00047,00009,00010
013.4,00170,00155,00147,00119,00106,00087,00110,00129,00092,00091,00070,00079,00061,00050,00038,00043,00028,00011,00000,00000
013.5,00155,00146,00148,00135,00121,00129,00111,00151,00129,00096,00118,00122,00081,00114,00106,00090,00083,00072,00062,00058
013.6,00132,00154,00145,00144,00116,00114,00112,00131,00100,00096,00098,00104,00085,00100,00103,00085,00071,00060,00050,00025
013.7,00131,00154,00157,00161,00118,00118,00110,00123,00090,00088,00093,00083,00079,00064,00071,00059,00041,00028,00025,00000
013.8,00133,00188,00180,00168,00135,00133,00141,00151,00125,00090,00115,00106,00119,00092,00074,00033,00049,00035,00044,00043
013.9,00171,00174,00163,00171,00136,00145,00133,00145,00122,00122,00103,00101,00101,00084,00065,00060,00036,00007,00011,00000
014.0,00159,00172,00160,00164,00131,00126,00121,00126,00103,00103,00082,00080,00074,00058,00042,00034,00020,00000,00000,00000
014.1,00148,00166,00162,00154,00137,00127,00150,00150,00129,00129,00109,00139,00093,00132,00134,00105,00106,00079,00090,00039
014.2,00144,00154,00142,00141,00125,00126,00144,00146,00120,00139,00116,00151,00098,00115,00120,00108,00098,00072,00069,00036
014.3,00125,00135,00153,00152,00128,00118,00124,00140,00103,00142,00106,00136,00099,00092,00095,00099,00069,00062,00042,00006
014.4,00147,00146,00139,00152,00144,00133,00130,00126,00110,00122,00094,00122,00110,00090,00096,00097,00074,00065,00044,00028
014.5,00188,00141,00139,00132,00134,00108,00100,00105,00096,00094,00076,00089,00078,00062,00062,00065,00039,00027,00012,00005
014.6,00160,00135,00141,00123,00109,00095,00098,00126,00079,00085,00070,00074,00059,00046,00035,00031,00010,00000,00000,00000
014.7,00132,00136,00150,00134,00121,00143,00135,00133,00100,00114,00109,00149,00111,00115,00103,00115,00084,00068,00039,00048
014.8,00125,00132,00144,00144,00126,00125,00115,00115,00091,00096,00098,00119,00093,00103,00105,00093,00084,00058,00039,00026
014.9,00118,00143,00135,00130,00115,00118,00095,00114,00081,00085,00093,00092,00076,00072,00078,00066,00051,00028,00009,00002
015.0,00101,00152,00183,00152,00156,00136,00136,00162,00143,00140,00100,00112,00111,00086,00072,00075,00040,00040,00053,00029
015.1,00107,00154,00176,00153,00141,00135,00141,00148,00131,00125,00110,00098,00091,00080,00063,00052,00038,00027,00014,00000
015.2,00111,00168,00168,00156,00132,00124,00118,00127,00109,00101,00085,00083,00064,00069,00040,00036,00013,00000,00000,00000
015.3,00100,00170,00159,00153,00126,00144,00129,00130,00132,00122,00123,00119,00112,00105,00109,00085,00082,00072,00029,00037
015.4,00108,00157,00144,00151,00120,00119,00112,00116,00102,00095,00099,00102,00092,00093,00099,00076,00066,00058,00029,00011
015.5,00165,00150,00150,00135,00123,00116,00103,00110,00092,00078,00088,00086,00076,00061,00070,00049,00039,00022,00000,00000
015.6,00212,00143,00152,00134,00135,00120,00105,00128,00114,00077,00087,00069,00069,00068,00059,00059,00048,00027,00011,00028
015.7,00206,00145,00143,00117,00132,00114,00103,00101,00101,00063,00074,00073,00061,00062,00055,00044,00030,00015,00000,00006
015.8,00170,00145,00145,00125,00108,00096,00110,00126,00079,00088,00086,00073,00053,00045,00036,00009,00000,00000,00000,00000
015.9,00146,00156,00148,00132,00118,00137,00126,00140,00118,00100,00099,00149,00097,00104,00091,00111,00081,00075,00072,00057
016.0,00127,00154,00146,00144,00123,00116,00113,00121,00097,00093,00091,00118,00088,00088,00099,00094,00072,00063,00049,00027
016.1,00127,00154,00163,00131,00119,00122,00103,00109,00091,00076,00085,00089,00070,00056,00072,00064,00038,00030,00016,00000
016.2,00150,00173,00182,00141,00147,00151,00139,00146,00121,00116,00119,00096,00094,00079,00093,00073,00074,00029,00048,00021
016.3,00128,00159,00179,00149,00140,00149,00134,00141,00129,00121,00107,00102,00085,00072,00072,00058,00044,00000,00006,00000
016.4,00154,00174,00171,00162,00128,00142,00124,00124,00111,00096,00086,00086,00064,00049,00046,00036,00026,00000,00000,00000
016.5,00192,00163,00155,00159,00124,00119,00131,00128,00104,00099,00090,00099,00081,00077,00079,00101,00095,00039,00045,00042
016.6,00176,00150,00137,00151,00127,00109,00115,00120,00083,00079,00073,00075,00069,00068,00074,00083,00072,00038,00039,00012
016.7,00175,00146,00152,00154,00118,00109,00103,00115,00066,00079,00082,00073,00077,00042,00057,00057,00035,00002,00010,00000
016.8,00199,00142,00147,00168,00122,00116,00126,00121,00115,00083,00079,00078,00077,00057,00063,00047,00055,00064,00041,00028
016.9,00184,00142,00142,00165,00155,00134,00158,00141,00127,00101,00106,00077,00095,00057,00065,00046,00040,00041,00017,00000
017.0,00163,00144,00158,00152,00153,00141,00157,00149,00116,00105,00102,00096,00096,00071,00056,00058,00030,00009,00018,00000
017.1,00149,00148,00154,00147,00167,00159,00172,00148,00119,00089,00098,00101,00104,00102,00087,00081,00082,00044,00049,00046
017.2,00134,00141,00151,00144,00184,00158,00164,00133,00127,00097,00095,00094,00100,00084,00074,00076,00071,00036,00041,00007
017.3,00122,00147,00140,00124,00176,00171,00142,00139,00113,00089,00093,00089,00081,00056,00051,00051,00041,00011,00024,00000
017.4,00129,00161,00165,00153,00165,00170,00153,00155,00112,00106,00117,00088,00105,00080,00072,00037,00048,00030,00007,00000
017.5,00173,00161,00170,00146,00147,00153,00139,00137,00117,00094,00101,00089,00085,00075,00052,00026,00017,00000,00000,00000
017.6,00156,00162,00159,00142,00151,00138,00136,00124,00104,00097,00082,00076,00071,00061,00035,00007,00000,00000,00000,00000
017.7,00126,00162,00160,00154,00153,00129,00135,00139,00122,00091,00091,00089,00085,00079,00097,00083,00082,00027,00025,00006
017.8,00131,00145,00149,00145,00157,00125,00125,00121,00112,00073,00078,00082,00067,00072,00077,00075,00067,00038,00027,00000
017.9,00133,00176,00169,00172,00165,00146,00154,00145,00132,00124,00096,00101,00087,00069,00063,00100,00085,00041,00082,00031
018.0,00157,00170,00169,00175,00157,00144,00138,00136,00123,00112,00092,00088,00095,00061,00066,00080,00053,00031,00056,00026
018.1,00185,00148,00162,00158,00159,00151,00155,00153,00118,00106,00089,00073,00091,00052,00058,00051,00032,00008,00031,00000
018.2,00152,00147,00154,00146,00143,00137,00152,00153,00135,00090,00093,00079,00098,00047,00051,00048,00022,00000,00000,00000
018.3,00137,00189,00167,00139,00149,00151,00167,00150,00144,00114,00096,00103,00089,00090,00093,00074,00081,00064,00035,00012
018.4,00122,00174,00165,00147,00162,00151,00147,00148,00126,00123,00101,00098,00094,00080,00079,00077,00065,00047,00034,00000
018.5,00106,00193,00197,00150,00168,00154,00143,00152,00120,00116,00093,00103,00090,00059,00062,00052,00034,00008,00008,00000
018.6,00139,00195,00209,00149,00169,00164,00147,00163,00126,00129,00116,00107,00115,00069,00073,00069,00073,00044,00048,00037
018.7,00126,00184,00198,00146,00191,00150,00154,00148,00118,00108,00111,00102,00091,00079,00061,00047,00045,00010,00010,00004
018.8,00183,00209,00191,00151,00195,00178,00144,00137,00120,00097,00104,00087,00081,00063,00053,00042,00043,00028,00000,00000
018.9,00199,00230,00177,00141,00167,00155,00139,00137,00108,00097,00098,00085,00096,00087,00072,00064,00047,00062,00029,00000
019.0,00166,00223,00164,00149,00147,00154,00129,00122,00094,00077,00079,00076,00066,00062,00050,00044,00025,00025,00000,00000
019.1,00163,00198,00156,00177,00149,00142,00135,00123,00094,00093,00082,00078,00074,00053,00046,00026,00000,00000,00000,00000
019.2,00194,00206,00163,00186,00163,00154,00135,00127,00118,00114,00106,00086,00087,00061,00056,00050,00035,00000,00000,00000
019.3,00188,00219,00165,00163,00156,00150,00163,00142,00120,00105,00100,00083,00100,00060,00050,00051,00019,00001,00000,00000
019.4,00158,00207,00177,00163,00164,00145,00166,00135,00120,00106,00101,00082,00098,00046,00040,00045,00007,00000,00000,00000
019.5,00130,00189,00212,00161,00154,00173,00180,00148,00133,00105,00120,00107,00114,00073,00103,00094,00096,00055,00037,00000
019.6,00122,00170,00187,00152,00162,00165,00175,00146,00158,00141,00134,00131,00112,00107,00091,00089,00075,00038,00028,00000
019.7,00108,00150,00176,00146,00169,00165,00155,00150,00139,00121,00110,00103,00095,00075,00066,00065,00041,00000,00006,00000
019.8,00095,00165,00233,00162,00169,00160,00158,00149,00147,00125,00111,00089,00103,00081,00103,00084,00059,00036,00033,00052
019.9,00099,00168,00218,00149,00147,00151,00155,00132,00139,00125,00110,00081,00089,00076,00078,00068,00043,00002,00000,00009
020.0,00087,00160,00189,00126,00149,00133,00137,00107,00116,00104,00093,00068,00066,00054,00050,00035,00009,00000,00000,00000
020.1,00091,00155,00181,00155,00152,00122,00140,00131,00123,00119,00122,00109,00084,00105,00093,00097,00089,00072,00010,00000
020.2,00089,00136,00160,00153,00154,00147,00173,00178,00157,00148,00131,00134,00113,00101,00089,00086,00084,00032,00000,00009
020.3,00114,00142,00161,00143,00135,00147,00181,00174,00150,00153,00140,00126,00114,00097,00078,00071,00062,00026,00011,00000
020.4,00156,00163,00162,00169,00132,00153,00149,00156,00128,00126,00114,00102,00093,00079,00057,00057,00051,00008,00000,00000
020.5,00196,00187,00147,00139,00116,00121,00121,00122,00106,00106,00098,00074,00065,00048,00033,00034,00017,00000,00000,00000
020.6,00172,00168,00156,00133,00115,00108,00119,00123,00093,00090,00071,00056,00041,00024,00010,00003,00000,00000,00000,00000
020.7,00142,00155,00150,00161,00152,00147,00170,00161,00133,00120,00115,00103,00110,00097,00089,00098,00084,00050,00046,00002
020.8,00119,00164,00156,00153,00126,00129,00151,00141,00112,00096,00095,00104,00089,00086,00097,00098,00069,00024,00028,00000
020.9,00114,00166,00152,00127,00099,00111,00123,00119,00079,00062,00077,00078,00054,00052,00062,00064,00033,00000,00003,00000
021.0,00113,00194,00170,00136,00145,00157,00160,00139,00116,00115,00097,00085,00110,00082,00077,00076,00049,00053,00020,00039
021.1,00103,00215,00158,00148,00146,00141,00148,00132,00134,00116,00088,00084,00086,00069,00073,00062,00038,00028,00000,00000
021.2,00087,00203,00139,00136,00125,00118,00122,00118,00104,00088,00076,00072,00063,00055,00051,00049,00022,00000,00000,00000
021.3,00088,00179,00130,00128,00110,00111,00122,00105,00111,00100,00092,00117,00104,00100,00091,00074,00079,00043,00050,00033
021.4,00086,00151,00113,00099,00097,00093,00095,00082,00081,00076,00083,00099,00079,00087,00092,00081,00065,00017,00038,00000
021.5,00115,00136,00133,00117,00091,00078,00089,00053,00073,00051,00054,00063,00048,00057,00061,00055,00030,00000,00012,00000
021.6,00141,00142,00153,00166,00134,00131,00098,00099,00087,00082,00054,00059,00053,00054,00049,00037,00036,00016,00026,00000
021.7,00199,00126,00130,00135,00108,00102,00085,00091,00077,00069,00057,00042,00034,00034,00023,00009,00007,00000,00000,00000
021.8,00165,00117,00147,00128,00088,00085,00076,00079,00071,00057,00040,00024,00011,00009,00008,00000,00000,00000,00000,00000
021.9,00139,00122,00141,00128,00100,00095,00117,00109,00111,00098,00097,00123,00108,00104,00105,00101,00088,00050,00054,00043
022.0,00121,00101,00119,00100,00087,00092,00108,00094,00087,00087,00092,00105,00088,00091,00090,00086,00075,00023,00041,00026
022.1,00106,00122,00115,00108,00080,00073,00083,00066,00057,00056,00054,00066,00052,00057,00057,00055,00042,00000,00017,00000
022.2,00106,00199,00156,00171,00167,00159,00152,00133,00123,00088,00100,00075,00078,00051,00080,00058,00058,00049,00030,00016
022.3,00085,00175,00147,00157,00143,00131,00138,00123,00117,00097,00091,00091,00068,00052,00064,00052,00049,00021,00000,00000
022.4,00064,00170,00134,00133,00125,00119,00120,00110,00106,00087,00081,00075,00057,00050,00047,00046,00038,00013,00000,00000
022.5,00077,00156,00139,00122,00108,00106,00105,00106,00112,00106,00089,00100,00083,00093,00099,00087,00090,00051,00018,00007
022.6,00077,00130,00118,00088,00086,00083,00085,00083,00087,00081,00071,00089,00067,00089,00080,00084,00073,00018,00015,00000
022.7,00111,00131,00138,00118,00103,00101,00074,00084,00080,00056,00049,00065,00043,00055,00053,00056,00040,00000,00000,00000
022.8,00149,00146,00137,00153,00138,00136,00109,00113,00088,00076,00062,00065,00044,00063,00035,00033,00025,00010,00000,00000
022.9,00191,00135,00124,00121,00110,00106,00088,00092,00076,00067,00048,00045,00027,00029,00016,00002,00000,00000,00000,00000
023.0,00162,00114,00127,00110,00083,00077,00071,00076,00053,00043,00027,00021,00008,00006,00000,00000,00000,00000,00000,00000
023.1,00133,00127,00138,00103,00098,00105,00104,00097,00075,00095,00101,00112,00089,00100,00101,00092,00076,00025,00032,00005
023.2,00113,00123,00125,00079,00082,00075,00079,00077,00059,00064,00082,00084,00065,00086,00082,00085,00063,00001,00027,00001
023.3,00090,00126,00133,00098,00076,00090,00083,00061,00053,00042,00049,00049,00034,00053,00054,00055,00029,00000,00008,00000
023.4,00123,00183,00155,00168,00119,00120,00131,00115,00110,00103,00069,00094,00073,00070,00072,00081,00063,00042,00034,00043
023.5,00171,00164,00158,00149,00130,00122,00132,00126,00125,00104,00093,00080,00066,00068,00060,00060,00031,00005,00000,00001
023.6,00147,00158,00149,00135,00108,00118,00119,00105,00112,00090,00076,00049,00048,00050,00034,00038,00009,00000,00000,00000
023.7,00129,00156,00141,00126,00123,00133,00126,00111,00114,00108,00104,00137,00093,00120,00091,00125,00093,00065,00056,00021
023.8,00117,00136,00127,00111,00141,00130,00123,00125,00116,00116,00111,00132,00099,00112,00101,00114,00089,00065,00060,00021
023.9,00101,00129,00143,00128,00125,00114,00126,00103,00097,00118,00111,00115,00096,00084,00091,00096,00073,00048,00036,00002
024.0,00161,00129,00146,00131,00130,00113,00114,00110,00082,00122,00093,00097,00094,00076,00093,00091,00080,00042,00044,00015
024.1,00199,00120,00130,00109,00099,00091,00090,00086,00077,00091,00067,00066,00061,00044,00061,00056,00043,00012,00010,00000
024.2,00167,00116,00131,00120,00093,00074,00077,00069,00062,00061,00043,00034,00029,00016,00027,00024,00008,00000,00000,00000
024.3,00148,00133,00147,00116,00113,00103,00128,00118,00116,00117,00103,00090,00076,00107,00120,00097,00091,00073,00053,00000
024.4,00124,00120,00151,00087,00100,00101,00110,00103,00099,00100,00090,00085,00079,00088,00100,00090,00080,00050,00038,00000
024.5,00121,00149,00139,00117,00121,00154,00128,00092,00071,00097,00071,00089,00066,00056,00070,00059,00044,00009,00017,00000
024.6,00120,00164,00176,00145,00162,00146,00139,00134,00135,00119,00095,00083,00077,00068,00047,00046,00042,00025,00003,00000
024.7,00108,00173,00217,00142,00150,00137,00143,00141,00135,00118,00102,00084,00079,00075,00060,00050,00035,00021,00000,00000
024.8,00083,00167,00220,00132,00177,00121,00147,00117,00122,00096,00101,00077,00058,00046,00038,00026,00000,00000,00000,00000
024.9,00075,00163,00198,00118,00148,00129,00128,00125,00128,00118,00108,00104,00091,00110,00095,00086,00102,00022,00056,00042
025.0,00074,00144,00200,00107,00172,00132,00118,00100,00105,00098,00090,00093,00078,00091,00089,00071,00079,00000,00037,00016
025.1,00094,00137,00191,00127,00160,00134,00125,00118,00098,00095,00089,00079,00073,00059,00067,00049,00045,00000,00006,00000
025.2,00156,00151,00174,00159,00144,00131,00142,00136,00133,00122,00114,00106,00095,00082,00064,00043,00049,00000,00000,00000
025.3,00193,00170,00181,00133,00123,00115,00120,00120,00124,00127,00099,00091,00080,00062,00046,00016,00014,00000,00000,00000
025.4,00165,00145,00177,00125,00184,00102,00114,00100,00112,00099,00075,00062,00054,00030,00025,00000,00000,00000,00000,00000
025.5,00136,00137,00169,00124,00208,00123,00121,00134,00137,00105,00098,00139,00085,00100,00096,00084,00101,00068,00056,00018
025.6,00124,00129,00194,00096,00204,00107,00155,00109,00121,00090,00088,00115,00093,00085,00090,00071,00087,00051,00043,00000
025.7,00105,00134,00178,00106,00182,00100,00129,00113,00102,00081,00086,00092,00064,00061,00060,00049,00052,00010,00005,00000
025.8,00103,00176,00179,00170,00166,00167,00160,00161,00140,00120,00107,00108,00104,00091,00078,00073,00049,00030,00000,00003
025.9,00116,00184,00170,00151,00162,00153,00136,00144,00134,00113,00101,00086,00084,00084,00062,00054,00030,00012,00000,00000
026.0,00091,00213,00164,00139,00154,00126,00128,00122,00118,00108,00076,00072,00067,00064,00039,00031,00007,00000,00000,00000
026.1,00074,00187,00156,00132,00144,00144,00132,00117,00110,00107,00095,00118,00093,00110,00114,00097,00077,00057,00051,00038
026.2,00062,00167,00156,00112,00121,00125,00109,00097,00091,00088,00083,00099,00079,00093,00096,00084,00062,00024,00028,00013
026.3,00097,00155,00148,00128,00119,00103,00104,00088,00092,00075,00064,00072,00051,00064,00069,00059,00031,00000,00001,00000
026.4,00161,00151,00138,00156,00125,00116,00095,00102,00087,00079,00066,00051,00039,00044,00046,00035,00020,00000,00000,00000
026.5,00190,00127,00122,00121,00098,00102,00091,00091,00081,00076,00052,00038,00020,00024,00021,00012,00000,00000,00000,00000
026.6,00163,00123,00129,00124,00090,00100,00084,00079,00071,00055,00038,00036,00015,00016,00007,00000,00000,00000,00000,00000
026.7,00136,00129,00129,00121,00116,00119,00127,00121,00097,00093,00113,00077,00116,00100,00107,00110,00085,00042,00022,00026
026.8,00119,00109,00131,00090,00098,00114,00105,00105,00086,00084,00108,00106,00098,00095,00105,00090,00070,00050,00023,00016
026.9,00097,00127,00130,00109,00089,00093,00090,00075,00068,00067,00075,00069,00062,00060,00069,00061,00035,00012,00003,00000
027.0,00109,00171,00155,00142,00152,00126,00114,00116,00123,00106,00100,00085,00077,00064,00077,00047,00049,00016,00013,00015
027.1,00101,00166,00154,00135,00148,00134,00137,00133,00139,00122,00096,00092,00061,00055,00066,00042,00042,00000,00008,00000
027.2,00087,00151,00138,00110,00125,00113,00118,00110,00109,00096,00079,00080,00048,00057,00055,00028,00020,00000,00000,00000
027.3,00079,00147,00140,00113,00107,00087,00099,00101,00096,00093,00085,00084,00075,00091,00107,00086,00063,00041,00038,00000
027.4,00085,00131,00126,00083,00088,00079,00081,00082,00074,00070,00082,00083,00063,00081,00089,00073,00067,00032,00030,00005
027.5,00110,00127,00128,00116,00089,00078,00084,00077,00065,00066,00059,00051,00029,00055,00057,00050,00032,00004,00015,00000
027.6,00149,00145,00137,00154,00126,00127,00091,00107,00071,00049,00059,00032,00031,00049,00044,00040,00009,00000,00000,00000
027.7,00194,00135,00125,00125,00106,00099,00085,00092,00090,00060,00059,00030,00029,00028,00025,00011,00000,00000,00000,00000
027.8,00161,00133,00141,00115,00114,00098,00093,00089,00094,00102,00064,00026,00040,00011,00014,00009,00015,00000,00000,00000
027.9,00133,00133,00151,00132,00133,00134,00135,00149,00107,00131,00099,00132,00095,00111,00125,00116,00069,00083,00063,00008
028.0,00111,00135,00160,00139,00147,00134,00152,00149,00116,00153,00127,00132,00103,00100,00108,00100,00071,00063,00048,00000
028.1,00121,00184,00201,00158,00133,00146,00163,00157,00132,00144,00117,00126,00091,00101,00100,00098,00085,00062,00042,00003
028.2,00122,00180,00197,00156,00139,00146,00159,00163,00129,00133,00110,00118,00087,00087,00088,00071,00070,00055,00039,00000
028.3,00116,00167,00183,00149,00135,00134,00162,00175,00185,00155,00124,00131,00144,00097,00085,00065,00060,00043,00000,00000
028.4,00088,00169,00164,00136,00141,00124,00155,00163,00174,00146,00127,00131,00139,00104,00090,00060,00063,00035,00000,00000
028.5,00120,00198,00168,00152,00154,00153,00166,00155,00153,00135,00112,00113,00112,00096,00103,00089,00082,00033,00006,00000
028.6,00109,00207,00170,00132,00143,00128,00136,00129,00121,00105,00098,00099,00084,00087,00092,00082,00073,00017,00031,00000
028.7,00105,00199,00167,00142,00160,00130,00156,00149,00147,00118,00097,00096,00091,00083,00087,00080,00079,00052,00033,00041
028.8,00158,00191,00159,00152,00156,00128,00138,00132,00136,00109,00104,00090,00092,00071,00076,00064,00048,00033,00000,00010
028.9,00188,00190,00177,00124,00127,00103,00117,00112,00112,00090,00090,00077,00063,00045,00043,00034,00023,00009,00000,00000
029.0,00165,00171,00182,00134,00125,00106,00113,00101,00094,00095,00087,00083,00050,00046,00022,00007,00008,00000,00000,00000
029.1,00141,00171,00181,00146,00141,00133,00139,00124,00090,00120,00120,00139,00069,00069,00109,00090,00083,00037,00046,00006
029.2,00125,00149,00153,00136,00126,00120,00145,00125,00104,00118,00117,00141,00099,00084,00097,00093,00087,00059,00051,00016
029.3,00119,00146,00156,00134,00114,00143,00140,00139,00096,00127,00118,00115,00106,00077,00089,00091,00070,00042,00033,00008
029.4,00117,00172,00169,00151,00158,00159,00140,00137,00122,00134,00116,00113,00100,00077,00093,00100,00092,00071,00043,00032
029.5,00101,00165,00171,00141,00166,00147,00155,00142,00124,00118,00096,00100,00081,00068,00068,00073,00056,00036,00001,00000
029.6,00088,00160,00184,00129,00167,00123,00148,00117,00120,00096,00081,00071,00066,00045,00043,00037,00016,00000,00000,00000
029.7,00082,00152,00173,00118,00142,00118,00134,00116,00111,00096,00102,00099,00100,00093,00091,00105,00095,00032,00042,00068
029.8,00067,00134,00147,00091,00114,00091,00099,00104,00086,00072,00082,00093,00077,00081,00083,00087,00076,00009,00037,00037
029.9,00116,00123,00141,00125,00132,00098,00109,00096,00086,00082,00076,00072,00043,00052,00054,00059,00041,00000,00006,00000
030.0,00140,00155,00152,00155,00137,00127,00113,00092,00093,00079,00080,00069,00048,00048,00041,00047,00017,00000,00000,00000
030.1,00192,00193,00132,00127,00115,00105,00106,00082,00085,00068,00061,00050,00031,00030,00024,00021,00003,00000,00000,00000
030.2,00163,00201,00168,00132,00103,00087,00088,00067,00081,00076,00052,00042,00024,00028,00002,00005,00000,00000,00000,00000
030.3,00140,00192,00173,00139,00114,00133,00131,00113,00112,00100,00099,00125,00062,00092,00086,00110,00096,00047,00026,00052
030.4,00117,00172,00187,00123,00118,00119,00124,00108,00109,00095,00086,00104,00070,00093,00093,00096,00073,00024,00029,00016
030.5,00111,00204,00177,00120,00124,00097,00109,00082,00082,00066,00062,00071,00045,00059,00061,00064,00045,00000,00001,00000
030.6,00116,00210,00167,00160,00142,00129,00150,00105,00139,00124,00107,00107,00101,00083,00095,00072,00053,00035,00018,00033
030.7,00109,00210,00171,00172,00152,00154,00147,00131,00136,00125,00098,00094,00090,00069,00072,00058,00035,00019,00000,00000
030.8,00091,00195,00160,00147,00138,00137,00136,00110,00113,00107,00077,00073,00068,00046,00044,00037,00017,00000,00000,00000
030.9,00093,00178,00150,00131,00121,00121,00123,00104,00119,00107,00095,00100,00070,00087,00077,00089,00086,00035,00046,00018
031.0,00086,00154,00128,00100,00087,00097,00094,00090,00087,00082,00087,00085,00059,00085,00085,00077,00075,00006,00032,00000
031.1,00112,00173,00139,00144,00080,00089,00091,00097,00076,00070,00066,00064,00040,00056,00058,00050,00043,00000,00001,00000
031.2,00141,00169,00159,00166,00136,00136,00112,00118,00099,00075,00084,00074,00064,00062,00045,00031,00034,00004,00000,00000
031.3,00193,00203,00150,00150,00122,00114,00100,00103,00091,00079,00079,00065,00048,00039,00023,00013,00000,00000,00000,00000
031.4,00163,00190,00154,00135,00109,00097,00099,00092,00111,00072,00077,00055,00041,00026,00012,00000,00000,00000,00000,00000
031.5,00140,00165,00138,00134,00116,00156,00156,00167,00155,00140,00127,00141,00115,00099,00114,00100,00087,00074,00070,00033
031.6,00116,00166,00182,00126,00110,00134,00133,00147,00140,00115,00116,00123,00100,00099,00089,00092,00072,00045,00045,00005
031.7,00112,00152,00165,00113,00096,00105,00113,00120,00116,00081,00088,00086,00062,00064,00059,00061,00039,00003,00011,00000
031.8,00103,00175,00174,00165,00144,00135,00147,00160,00139,00100,00086,00104,00099,00090,00092,00086,00097,00038,00024,00045
031.9,00112,00210,00160,00162,00149,00136,00144,00145,00133,00119,00089,00093,00083,00067,00071,00067,00061,00019,00000,00003
032.0,00097,00203,00149,00139,00144,00119,00125,00121,00118,00106,00080,00082,00070,00048,00044,00035,00025,00000,00000,00000
032.1,00092,00203,00152,00134,00127,00113,00119,00121,00107,00095,00094,00104,00086,00106,00096,00099,00078,00012,00046,00014
032.2,00085,00201,00153,00150,00123,00132,00101,00111,00086,00092,00089,00090,00079,00092,00088,00086,00071,00000,00042,00012
032.3,00099,00180,00161,00129,00105,00115,00116,00093,00089,00089,00064,00070,00059,00060,00059,00058,00036,00000,00017,00000
032.4,00135,00167,00152,00162,00137,00139,00104,00097,00082,00084,00077,00069,00043,00061,00036,00043,00025,00000,00000,00000
032.5,00196,00149,00189,00137,00179,00131,00122,00088,00098,00074,00088,00062,00039,00038,00016,00011,00000,00000,00000,00000
032.6,00163,00138,00184,00126,00154,00123,00136,00124,00100,00104,00083,00077,00052,00018,00001,00003,00000,00000,00000,00000
032.7,00134,00138,00168,00132,00135,00123,00125,00127,00102,00113,00111,00108,00088,00102,00053,00097,00080,00054,00048,00040
032.8,00109,00142,00164,00136,00114,00120,00120,00107,00083,00087,00087,00095,00066,00087,00067,00084,00073,00016,00034,00012
032.9,00103,00135,00153,00127,00101,00150,00104,00082,00069,00075,00069,00064,00043,00056,00042,00054,00043,00000,00002,00000
033.0,00115,00163,00160,00171,00156,00144,00134,00133,00122,00102,00079,00092,00067,00076,00097,00079,00038,00024,00063,00037
033.1,00171,00165,00140,00155,00144,00127,00132,00135,00116,00103,00082,00092,00074,00077,00067,00066,00046,00000,00021,00000
033.2,00146,00165,00133,00135,00127,00120,00122,00119,00110,00091,00071,00081,00049,00050,00044,00035,00006,00000,00000,00000
033.3,00116,00163,00131,00122,00131,00157,00135,00131,00129,00126,00104,00132,00072,00107,00113,00101,00095,00057,00051,00029
033.4,00104,00144,00127,00112,00121,00151,00132,00135,00126,00117,00119,00128,00099,00108,00112,00112,00085,00051,00058,00030
033.5,00094,00169,00144,00128,00133,00130,00125,00131,00098,00124,00109,00124,00090,00086,00100,00096,00064,00054,00033,00022
033.6,00138,00151,00156,00150,00132,00146,00127,00134,00105,00106,00100,00125,00095,00083,00090,00084,00076,00061,00032,00005
033.7,00193,00125,00155,00146,00109,00130,00109,00111,00093,00086,00075,00093,00065,00054,00065,00052,00043,00022,00009,00000
033.8,00161,00165,00156,00136,00093,00120,00114,00097,00076,00077,00060,00067,00036,00029,00031,00020,00008,00000,00000,00000
033.9,00139,00189,00149,00140,00118,00132,00121,00142,00102,00116,00128,00131,00105,00103,00103,00098,00097,00060,00058,00041
034.0,00132,00208,00134,00121,00111,00103,00097,00128,00083,00102,00109,00116,00097,00092,00093,00088,00081,00045,00041,00019
034.1,00124,00196,00147,00109,00104,00099,00092,00100,00070,00076,00079,00078,00062,00059,00061,00058,00047,00004,00013,00000
034.2,00130,00196,00159,00147,00156,00139,00135,00154,00127,00103,00119,00087,00070,00109,00078,00070,00075,00073,00024,00000
034.3,00110,00177,00222,00144,00156,00136,00141,00146,00130,00115,00111,00080,00076,00087,00069,00064,00053,00038,00013,00000
034.4,00095,00167,00213,00134,00136,00117,00127,00126,00111,00105,00091,00066,00070,00059,00049,00043,00034,00000,00000,00000
034.5,00075,00159,00194,00125,00142,00126,00120,00109,00118,00108,00101,00109,00102,00094,00096,00105,00074,00062,00048,00045
034.6,00081,00145,00184,00100,00128,00098,00152,00086,00140,00090,00123,00094,00080,00089,00084,00086,00065,00026,00024,00012
034.7,00116,00141,00184,00122,00117,00091,00144,00091,00133,00077,00128,00078,00064,00054,00060,00060,00032,00000,00000,00000
034.8,00162,00138,00201,00149,00148,00124,00144,00100,00117,00083,00101,00071,00067,00046,00050,00047,00020,00000,00000,00000
034.9,00200,00125,00210,00124,00179,00099,00148,00089,00130,00071,00093,00057,00041,00036,00032,00024,00014,00000,00000,00000
035.0,00168,00127,00193,00113,00158,00079,00119,00084,00098,00086,00069,00055,00038,00017,00014,00000,00000,00000,00000,00000
035.1,00146,00189,00168,00140,00147,00116,00129,00115,00116,00084,00117,00117,00101,00089,00112,00101,00098,00054,00047,00029
035.2,00130,00210,00154,00120,00119,00111,00109,00100,00090,00072,00103,00096,00092,00079,00090,00089,00076,00036,00032,00013
035.3,00104,00195,00153,00102,00109,00097,00096,00085,00086,00063,00076,00066,00061,00051,00060,00061,00040,00000,00009,00000
035.4,00115,00179,00166,00138,00145,00139,00144,00123,00115,00110,00088,00092,00080,00076,00071,00066,00055,00024,00000,00000
035.5,00104,00166,00214,00143,00150,00135,00151,00129,00138,00111,00099,00096,00073,00066,00067,00052,00041,00018,00000,00000
035.6,00093,00150,00214,00134,00137,00121,00136,00110,00121,00100,00090,00067,00055,00047,00043,00031,00021,00000,00000,00000
035.7,00088,00163,00183,00129,00125,00114,00136,00115,00125,00098,00104,00098,00090,00079,00097,00082,00087,00048,00011,00012
035.8,00088,00148,00179,00102,00144,00107,00120,00099,00096,00089,00089,00094,00073,00083,00092,00068,00071,00034,00030,00000
035.9,00112,00175,00181,00163,00170,00155,00145,00135,00151,00113,00111,00093,00078,00082,00101,00063,00073,00067,00039,00027
036.0,00173,00163,00179,00168,00148,00158,00133,00138,00137,00124,00118,00108,00095,00097,00092,00099,00075,00076,00042,00020
036.1,00191,00138,00151,00144,00142,00130,00124,00148,00123,00123,00131,00116,00117,00099,00088,00093,00068,00067,00033,00008
036.2,00160,00136,00145,00138,00136,00122,00138,00138,00115,00119,00119,00123,00108,00077,00080,00082,00064,00045,00028,00010
036.3,00138,00155,00181,00156,00164,00152,00157,00154,00144,00119,00119,00116,00112,00095,00110,00097,00088,00071,00029,00043
036.4,00125,00153,00161,00146,00147,00137,00142,00136,00135,00119,00106,00116,00091,00087,00096,00086,00064,00044,00011,00007
036.5,00113,00154,00155,00136,00131,00128,00133,00132,00117,00101,00099,00107,00089,00068,00087,00072,00061,00012,00010,00000
036.6,00114,00144,00141,00126,00147,00129,00137,00128,00114,00102,00097,00091,00097,00060,00080,00058,00054,00023,00012,00000
036.7,00083,00137,00134,00118,00137,00110,00124,00120,00113,00084,00088,00114,00087,00067,00085,00053,00053,00019,00007,00000
036.8,00082,00171,00167,00139,00155,00126,00128,00140,00128,00118,00112,00107,00086,00083,00092,00058,00060,00006,00008,00000
036.9,00078,00161,00168,00139,00146,00120,00127,00130,00130,00113,00101,00090,00081,00069,00072,00051,00038,00009,00000,00000
037.0,00085,00148,00145,00129,00127,00100,00109,00115,00112,00093,00083,00092,00067,00051,00063,00046,00031,00013,00000,00000
037.1,00120,00158,00173,00128,00154,00132,00131,00139,00133,00116,00078,00098,00086,00065,00085,00078,00075,00068,00013,00047
037.2,00147,00178,00175,00128,00148,00148,00142,00142,00146,00122,00110,00105,00091,00091,00082,00074,00061,00050,00033,00022
037.3,00123,00162,00162,00137,00150,00144,00143,00136,00134,00121,00111,00092,00086,00078,00079,00057,00052,00019,00000,00000
037.4,00106,00160,00150,00125,00133,00129,00123,00122,00123,00110,00091,00068,00063,00060,00055,00042,00027,00010,00000,00000
037.5,00091,00174,00159,00138,00142,00135,00137,00147,00116,00112,00087,00077,00082,00048,00053,00049,00050,00053,00044,00007
037.6,00091,00155,00146,00126,00126,00123,00120,00122,00113,00098,00081,00065,00054,00044,00048,00028,00017,00013,00002,00000
037.7,00091,00137,00156,00121,00117,00119,00121,00118,00107,00077,00073,00055,00043,00035,00038,00014,00000,00000,00000,00000
037.8,00090,00159,00173,00142,00155,00151,00134,00135,00117,00094,00109,00079,00095,00072,00058,00059,00071,00055,00032,00037
037.9,00097,00148,00166,00131,00153,00143,00150,00138,00116,00111,00107,00090,00087,00067,00070,00062,00054,00039,00000,00000
038.0,00091,00164,00155,00123,00133,00134,00129,00126,00123,00109,00090,00075,00067,00052,00050,00039,00035,00000,00000,00000
038.1,00123,00195,00181,00165,00171,00141,00157,00150,00150,00099,00112,00097,00096,00087,00095,00100,00053,00071,00048,00000
038.2,00113,00183,00170,00145,00164,00159,00165,00139,00126,00103,00099,00091,00085,00078,00067,00068,00037,00036,00006,00000
038.3,00100,00197,00181,00156,00156,00154,00168,00157,00135,00133,00119,00101,00078,00088,00074,00087,00070,00058,00057,00039
038.4,00125,00225,00179,00162,00152,00147,00151,00137,00122,00121,00102,00093,00095,00082,00068,00070,00058,00054,00047,00013
038.5,00173,00205,00165,00136,00156,00146,00159,00146,00123,00110,00096,00090,00121,00071,00063,00056,00040,00032,00011,00000
038.6,00151,00203,00166,00130,00176,00157,00153,00142,00126,00099,00098,00091,00122,00053,00062,00045,00020,00000,00000,00000
038.7,00126,00208,00172,00143,00162,00156,00152,00149,00125,00099,00099,00129,00118,00090,00084,00114,00090,00055,00061,00007
038.8,00115,00212,00158,00132,00163,00161,00154,00139,00119,00106,00117,00135,00105,00091,00085,00095,00073,00050,00042,00009
038.9,00092,00208,00157,00116,00165,00158,00145,00130,00127,00111,00109,00109,00092,00065,00073,00081,00064,00045,00010,00000
039.0,00111,00224,00164,00145,00166,00157,00140,00137,00133,00122,00106,00106,00095,00097,00084,00078,00067,00033,00035,00003
039.1,00116,00226,00201,00146,00168,00149,00154,00128,00135,00121,00108,00090,00077,00070,00064,00060,00041,00007,00000,00000
039.2,00099,00200,00205,00137,00156,00134,00139,00117,00110,00109,00089,00078,00066,00059,00050,00026,00015,00000,00000,00000
039.3,00091,00180,00198,00136,00151,00122,00141,00131,00126,00122,00112,00122,00090,00082,00075,00083,00083,00033,00022,00009
039.4,00090,00194,00183,00139,00142,00123,00121,00113,00109,00094,00096,00099,00069,00089,00072,00089,00063,00042,00030,00000
039.5,00152,00178,00164,00150,00147,00127,00127,00096,00095,00076,00076,00076,00059,00056,00049,00059,00030,00012,00013,00000
039.6,00198,00164,00144,00152,00132,00130,00122,00105,00097,00079,00085,00093,00066,00054,00052,00057,00030,00018,00001,00000
039.7,00189,00192,00134,00133,00133,00129,00119,00096,00092,00097,00078,00089,00056,00055,00063,00054,00028,00011,00000,00000
039.8,00163,00170,00154,00128,00127,00171,00148,00143,00148,00139,00091,00081,00084,00046,00046,00028,00000,00000,00000,00000
039.9,00140,00182,00156,00137,00134,00151,00126,00130,00133,00132,00120,00127,00107,00114,00112,00097,00062,00053,00056,00040
040.0,00122,00165,00142,00142,00130,00124,00104,00103,00104,00101,00098,00099,00080,00095,00098,00079,00064,00044,00042,00008
040.1,00122,00146,00195,00128,00148,00126,00112,00098,00083,00080,00073,00072,00056,00060,00066,00055,00028,00005,00018,00000
040.2,00141,00139,00200,00173,00164,00151,00133,00146,00135,00107,00105,00095,00094,00085,00090,00077,00038,00045,00058,00029
040.3,00119,00145,00187,00157,00146,00163,00128,00143,00133,00103,00103,00092,00084,00080,00071,00056,00042,00011,00016,00000
040.4,00090,00172,00164,00144,00135,00145,00121,00125,00108,00094,00087,00063,00062,00052,00043,00027,00012,00000,00000,00000
040.5,00082,00167,00185,00142,00130,00162,00146,00134,00116,00129,00114,00151,00113,00110,00141,00126,00108,00080,00068,00052
040.6,00081,00154,00160,00136,00135,00141,00138,00146,00141,00125,00120,00154,00103,00094,00124,00106,00099,00072,00071,00052
040.7,00099,00146,00152,00145,00137,00124,00130,00132,00127,00145,00109,00136,00096,00093,00105,00094,00081,00059,00051,00028
040.8,00131,00147,00151,00167,00140,00129,00138,00129,00128,00128,00110,00130,00100,00088,00103,00088,00074,00049,00041,00019
040.9,00192,00145,00133,00130,00110,00101,00112,00103,00101,00099,00080,00094,00064,00053,00068,00059,00042,00015,00003,00000
041.0,00161,00134,00151,00128,00086,00078,00092,00086,00078,00071,00056,00057,00035,00029,00035,00024,00005,00000,00000,00000
041.1,00138,00147,00150,00136,00108,00126,00094,00118,00119,00119,00110,00111,00091,00130,00116,00107,00091,00054,00065,00051
041.2,00123,00145,00136,00134,00111,00105,00090,00109,00102,00093,00091,00097,00079,00107,00100,00089,00077,00045,00044,00016
041.3,00113,00139,00135,00120,00105,00084,00098,00080,00072,00068,00057,00063,00043,00070,00066,00061,00041,00008,00020,00000
041.4,00114,00175,00159,00150,00162,00151,00145,00164,00140,00098,00088,00100,00102,00073,00092,00086,00085,00078,00049,00034
041.5,00114,00170,00154,00146,00158,00146,00126,00150,00127,00116,00089,00097,00087,00058,00076,00078,00068,00042,00019,00003
041.6,00099,00164,00148,00133,00131,00116,00111,00124,00101,00092,00077,00069,00061,00043,00047,00046,00040,00004,00000,00000
041.7,00119,00170,00179,00137,00131,00127,00129,00116,00114,00083,00089,00120,00085,00104,00112,00098,00070,00068,00046,00031
041.8,00103,00149,00156,00136,00116,00106,00103,00097,00090,00068,00079,00097,00067,00086,00089,00085,00075,00040,00041,00010
041.9,00130,00145,00152,00149,00121,00111,00093,00089,00094,00062,00065,00068,00039,00055,00061,00057,00039,00015,00022,00000
042.0,00190,00157,00152,00158,00141,00134,00115,00096,00100,00099,00071,00080,00049,00057,00039,00043,00037,00032,00020,00000
042.1,00202,00151,00143,00130,00115,00109,00104,00093,00100,00081,00064,00076,00038,00047,00041,00034,00022,00021,00000,00000
042.2,00168,00141,00142,00115,00096,00101,00100,00091,00085,00077,00051,00049,00025,00021,00022,00003,00000,00000,00000,00000
042.3,00137,00150,00143,00124,00113,00110,00118,00126,00104,00103,00076,00128,00082,00120,00118,00089,00083,00059,00072,00023
042.4,00115,00138,00139,00133,00114,00107,00095,00109,00089,00078,00087,00100,00073,00100,00093,00091,00072,00041,00047,00021
042.5,00086,00135,00138,00118,00105,00094,00083,00080,00073,00068,00062,00065,00039,00066,00061,00060,00039,00002,00017,00000
042.6,00113,00170,00160,00157,00137,00123,00141,00150,00124,00112,00106,00098,00087,00085,00080,00057,00079,00051,00035,00049
042.7,00170,00156,00155,00145,00131,00126,00137,00140,00134,00118,00094,00089,00072,00069,00071,00055,00055,00015,00000,00006
042.8,00146,00178,00153,00133,00116,00113,00115,00124,00116,00097,00078,00065,00047,00046,00039,00027,00018,00000,00000,00000
042.9,00113,00187,00153,00140,00118,00147,00131,00133,00136,00134,00103,00112,00086,00096,00108,00102,00095,00059,00071,00061
043.0,00100,00173,00137,00132,00129,00126,00132,00128,00130,00138,00118,00136,00087,00104,00126,00104,00095,00064,00077,00037
043.1,00096,00155,00157,00161,00140,00107,00117,00124,00109,00139,00114,00134,00096,00089,00103,00092,00074,00044,00054,00010
043.2,00116,00154,00149,00189,00139,00143,00127,00127,00124,00120,00109,00117,00104,00093,00089,00085,00077,00068,00044,00033
043.3,00202,00138,00126,00172,00115,00116,00100,00101,00093,00094,00079,00081,00069,00063,00055,00051,00043,00033,00007,00000
043.4,00178,00122,00144,00168,00089,00089,00078,00073,00075,00073,00057,00049,00038,00034,00025,00016,00008,00000,00000,00000
043.5,00153,00131,00145,00167,00110,00118,00121,00107,00111,00107,00096,00114,00121,00095,00098,00078,00111,00061,00063,00041
043.6,00120,00115,00136,00142,00106,00105,00102,00104,00089,00080,00086,00097,00087,00080,00082,00080,00087,00041,00046,00020
043.7,00106,00192,00136,00151,00125,00099,00103,00075,00061,00064,00054,00063,00055,00049,00054,00049,00052,00005,00014,00000
043.8,00114,00186,00153,00159,00155,00152,00136,00138,00098,00102,00090,00102,00079,00078,00078,00048,00058,00073,00057,00035
043.9,00110,00170,00151,00146,00149,00140,00144,00134,00123,00118,00106,00091,00074,00077,00071,00063,00052,00053,00031,00000
044.0,00098,00169,00155,00129,00140,00123,00117,00115,00098,00102,00084,00076,00064,00057,00051,00035,00032,00020,00000,00000
044.1,00096,00175,00169,00146,00133,00131,00121,00114,00128,00093,00083,00122,00087,00087,00099,00102,00090,00040,00045,00005
044.2,00097,00163,00174,00143,00145,00118,00143,00103,00098,00086,00067,00099,00068,00086,00084,00091,00077,00029,00035,00000
044.3,00159,00156,00168,00140,00149,00103,00139,00146,00144,00122,00135,00138,00099,00076,00075,00075,00052,00048,00014,00000
044.4,00197,00154,00163,00157,00143,00128,00135,00157,00148,00138,00130,00130,00090,00080,00083,00075,00064,00044,00034,00018
044.5,00197,00152,00146,00139,00128,00122,00124,00136,00132,00119,00103,00099,00069,00068,00064,00053,00048,00013,00002,00000
044.6,00170,00145,00187,00119,00131,00099,00121,00104,00101,00088,00085,00077,00038,00035,00031,00017,00014,00000,00000,00000
044.7,00141,00155,00181,00134,00143,00140,00147,00135,00146,00142,00121,00122,00096,00089,00095,00098,00098,00062,00065,00039
044.8,00134,00146,00187,00136,00205,00119,00154,00122,00122,00117,00104,00102,00082,00080,00086,00085,00077,00037,00048,00005
044.9,00107,00134,00190,00124,00189,00109,00129,00098,00099,00090,00079,00078,00057,00055,00057,00058,00044,00007,00010,00000
045.0,00123,00176,00175,00167,00179,00173,00170,00144,00166,00134,00123,00098,00084,00083,00075,00090,00057,00042,00015,00024
045.1,00113,00168,00175,00147,00163,00154,00147,00139,00146,00128,00111,00097,00077,00074,00069,00068,00042,00009,00000,00000
045.2,00089,00202,00154,00143,00137,00129,00123,00119,00117,00106,00087,00077,00046,00050,00044,00039,00008,00000,00000,00000
045.3,00079,00194,00151,00138,00139,00120,00116,00113,00113,00118,00115,00114,00067,00111,00082,00090,00107,00067,00049,00022
045.4,00083,00168,00160,00141,00134,00123,00117,00130,00112,00119,00107,00135,00102,00109,00098,00105,00093,00061,00057,00024
045.5,00080,00149,00177,00164,00142,00142,00117,00125,00100,00123,00103,00124,00086,00083,00084,00082,00065,00041,00039,00000
045.6,00136,00139,00156,00173,00121,00134,00112,00116,00111,00112,00090,00117,00076,00076,00067,00077,00064,00044,00038,00000
045.7,00195,00142,00131,00156,00102,00109,00092,00092,00094,00083,00071,00079,00049,00049,00039,00041,00037,00005,00001,00000
045.8,00164,00124,00141,00151,00096,00092,00084,00082,00074,00067,00049,00050,00028,00021,00012,00012,00008,00000,00000,00000
045.9,00141,00121,00134,00152,00121,00107,00113,00112,00107,00090,00092,00117,00075,00079,00101,00088,00099,00066,00055,00038
046.0,00125,00120,00141,00142,00114,00099,00097,00099,00089,00075,00089,00097,00077,00074,00094,00083,00084,00042,00044,00026
046.1,00105,00126,00129,00132,00108,00088,00076,00069,00064,00050,00058,00066,00043,00047,00064,00056,00048,00006,00014,00000
046.2,00102,00164,00150,00161,00154,00134,00147,00123,00112,00113,00090,00089,00075,00074,00080,00063,00060,00052,00025,00024
046.3,00114,00167,00144,00144,00149,00130,00150,00132,00130,00120,00107,00085,00086,00073,00073,00058,00047,00025,00000,00000
046.4,00094,00166,00141,00130,00124,00112,00122,00107,00100,00090,00079,00071,00059,00059,00045,00050,00020,00000,00000,00000
046.5,00100,00171,00155,00128,00120,00116,00132,00130,00119,00094,00103,00071,00066,00097,00097,00096,00086,00053,00048,00033
046.6,00095,00150,00133,00137,00108,00096,00104,00104,00096,00076,00090,00080,00073,00088,00083,00086,00078,00024,00041,00006
046.7,00156,00140,00148,00142,00121,00111,00087,00074,00073,00047,00063,00056,00043,00055,00058,00057,00040,00000,00015,00000
046.8,00200,00143,00145,00136,00133,00126,00093,00101,00087,00102,00084,00075,00048,00056,00048,00039,00038,00000,00006,00000
046.9,00186,00129,00124,00121,00114,00113,00100,00094,00095,00083,00070,00075,00042,00041,00042,00041,00022,00000,00000,00000
047.0,00166,00128,00138,00135,00107,00093,00097,00083,00094,00070,00052,00048,00026,00036,00022,00025,00000,00000,00000,00000
047.1,00142,00153,00147,00131,00108,00127,00125,00113,00119,00108,00103,00110,00081,00077,00108,00071,00086,00055,00045,00045
047.2,00120,00147,00148,00130,00133,00124,00145,00123,00119,00129,00117,00123,00110,00101,00099,00089,00077,00058,00041,00029
047.3,00120,00184,00209,00175,00135,00140,00145,00139,00130,00128,00109,00111,00105,00098,00096,00085,00064,00047,00026,00028
047.4,00110,00193,00198,00188,00172,00147,00166,00155,00146,00130,00116,00119,00100,00091,00077,00072,00064,00066,00023,00021
047.5,00182,00183,00207,00166,00154,00130,00149,00130,00126,00126,00102,00095,00086,00076,00080,00067,00052,00045,00000,00000
047.6,00152,00165,00206,00172,00167,00116,00128,00129,00107,00121,00091,00095,00073,00066,00066,00056,00038,00026,00008,00000
047.7,00133,00177,00208,00181,00155,00122,00132,00114,00129,00106,00097,00100,00086,00082,00096,00086,00073,00038,00037,00027
047.8,00129,00166,00179,00181,00139,00119,00126,00105,00106,00100,00089,00093,00077,00085,00079,00079,00064,00031,00031,00000
047.9,00131,00186,00157,00176,00133,00123,00132,00102,00116,00097,00081,00096,00070,00075,00073,00069,00051,00019,00029,00000
048.0,00134,00166,00160,00169,00148,00148,00159,00153,00141,00143,00131,00133,00115,00109,00080,00066,00049,00047,00000,00043
048.1,00194,00165,00187,00150,00128,00153,00139,00134,00126,00120,00125,00111,00091,00090,00072,00048,00034,00031,00000,00002
048.2,00168,00145,00184,00145,00129,00144,00118,00121,00106,00098,00094,00090,00068,00057,00050,00028,00008,00000,00000,00000
048.3,00153,00154,00165,00144,00135,00133,00132,00111,00112,00115,00117,00138,00086,00096,00087,00105,00098,00051,00036,00033
048.4,00131,00171,00183,00139,00183,00115,00140,00116,00120,00121,00121,00136,00104,00103,00095,00093,00094,00049,00051,00032
048.5,00110,00189,00186,00120,00176,00117,00150,00121,00110,00135,00103,00122,00093,00086,00079,00094,00081,00040,00047,00018
048.6,00139,00193,00174,00129,00169,00148,00154,00147,00144,00133,00117,00110,00097,00095,00089,00088,00092,00057,00039,00072
048.7,00115,00178,00171,00130,00171,00141,00139,00131,00131,00117,00104,00083,00085,00079,00076,00069,00067,00026,00015,00030
048.8,00106,00181,00156,00144,00158,00132,00116,00106,00110,00110,00085,00056,00059,00051,00051,00035,00036,00000,00000,00000
048.9,00090,00166,00175,00147,00142,00132,00143,00150,00145,00136,00129,00146,00109,00109,00106,00085,00084,00044,00064,00051
049.0,00092,00155,00152,00154,00134,00132,00139,00144,00123,00109,00133,00122,00084,00098,00082,00081,00072,00020,00043,00012
049.1,00157,00144,00154,00136,00121,00112,00125,00128,00099,00102,00101,00088,00061,00068,00058,00055,00037,00000,00015,00000
049.2,00189,00151,00155,00155,00126,00132,00130,00106,00120,00088,00089,00089,00052,00071,00051,00030,00033,00000,00000,00000
049.3,00202,00154,00215,00155,00130,00137,00122,00110,00121,00110,00098,00090,00048,00061,00054,00027,00024,00000,00000,00000
049.4,00174,00156,00208,00137,00125,00132,00134,00114,00125,00119,00095,00071,00051,00043,00035,00020,00000,00000,00000,00000
049.5,00149,00168,00194,00134,00159,00178,00141,00131,00141,00134,00133,00115,00068,00111,00095,00094,00093,00012,00056,00020
049.6,00131,00182,00173,00146,00147,00161,00126,00121,00114,00109,00113,00109,00067,00100,00084,00093,00086,00041,00059,00000
049.7,00114,00189,00161,00146,00142,00151,00124,00115,00104,00090,00110,00096,00049,00072,00066,00070,00050,00005,00025,00000
049.8,00119,00191,00169,00167,00161,00160,00154,00160,00141,00132,00132,00150,00111,00106,00099,00093,00064,00055,00051,00019
049.9,00102,00179,00172,00152,00157,00142,00145,00139,00137,00122,00116,00122,00104,00090,00072,00069,00052,00019,00009,00000
050.0,00087,00172,00173,00144,00132,00148,00130,00134,00138,00117,00104,00105,00095,00061,00051,00050,00022,00000,00000,00000
050.1,00086,00168,00184,00144,00137,00138,00120,00133,00122,00104,00093,00100,00092,00079,00103,00088,00077,00061,00059,00048
050.2,00103,00167,00164,00152,00162,00139,00115,00118,00104,00089,00097,00095,00077,00080,00101,00080,00061,00037,00044,00012
050.3,00117,00202,00155,00167,00144,00147,00132,00099,00100,00096,00069,00072,00058,00058,00070,00056,00028,00001,00020,00000
050.4,00155,00187,00156,00166,00148,00140,00133,00105,00118,00101,00083,00069,00061,00057,00058,00048,00039,00003,00000,00000
050.5,00194,00191,00175,00135,00138,00116,00118,00099,00100,00095,00074,00053,00046,00035,00036,00027,00021,00000,00000,00000
050.6,00160,00177,00174,00132,00111,00108,00102,00098,00088,00081,00065,00056,00042,00023,00013,00000,00000,00000,00000,00000
050.7,00138,00168,00160,00143,00101,00136,00138,00116,00117,00109,00135,00132,00076,00107,00113,00101,00090,00072,00020,00016
050.8,00111,00153,00244,00140,00139,00128,00138,00114,00129,00096,00115,00117,00089,00092,00100,00093,00085,00055,00033,00000
050.9,00102,00137,00232,00123,00137,00128,00167,00148,00122,00148,00129,00109,00095,00085,00077,00065,00057,00023,00013,00000
051.0,00118,00162,00200,00157,00149,00139,00167,00167,00174,00165,00138,00115,00109,00107,00100,00073,00066,00040,00043,00040
051.1,00112,00176,00180,00152,00142,00139,00158,00152,00153,00141,00125,00104,00095,00086,00084,00059,00051,00033,00000,00000
051.2,00099,00181,00188,00144,00143,00136,00132,00138,00126,00113,00098,00076,00065,00054,00054,00028,00018,00000,00000,00000
051.3,00084,00190,00219,00153,00140,00131,00136,00125,00130,00100,00105,00103,00077,00083,00094,00090,00069,00076,00008,00014
051.4,00090,00165,00200,00144,00141,00115,00128,00105,00125,00087,00109,00088,00066,00083,00080,00087,00065,00047,00021,00000
051.5,00147,00147,00182,00169,00134,00126,00109,00094,00102,00080,00089,00057,00047,00054,00057,00061,00037,00008,00004,00000
051.6,00197,00153,00176,00150,00122,00124,00111,00120,00092,00111,00092,00082,00060,00055,00063,00055,00045,00000,00000,00000
051.7,00196,00156,00171,00132,00122,00136,00116,00099,00099,00098,00073,00067,00050,00045,00041,00033,00014,00000,00000,00000
051.8,00167,00150,00163,00125,00096,00119,00103,00098,00116,00087,00061,00057,00053,00031,00036,00022,00015,00000,00000,00000
051.9,00146,00173,00159,00129,00115,00108,00105,00122,00119,00096,00115,00108,00096,00099,00089,00072,00064,00060,00056,00050
052.0,00125,00189,00150,00140,00183,00131,00116,00109,00100,00110,00097,00086,00079,00089,00087,00076,00069,00046,00042,00012
052.1,00106,00178,00140,00152,00166,00136,00107,00095,00084,00085,00071,00060,00047,00056,00061,00050,00034,00009,00014,00000
052.2,00118,00184,00173,00169,00169,00138,00124,00151,00111,00104,00113,00083,00059,00067,00093,00056,00049,00002,00063,00022
052.3,00178,00182,00168,00163,00160,00159,00142,00132,00110,00121,00110,00080,00070,00088,00075,00047,00027,00000,00021,00000
052.4,00155,00174,00166,00154,00150,00126,00130,00115,00111,00108,00090,00070,00059,00066,00045,00021,00000,00000,00000,00000
052.5,00129,00184,00155,00148,00154,00136,00145,00126,00129,00139,00144,00119,00089,00117,00101,00099,00095,00056,00041,00026
052.6,00118,00169,00223,00144,00150,00137,00155,00137,00132,00148,00132,00141,00100,00113,00101,00107,00099,00070,00070,00029
052.7,00101,00147,00232,00169,00134,00121,00144,00132,00120,00132,00121,00129,00086,00089,00088,00092,00082,00064,00050,00000
052.8,00132,00144,00210,00192,00133,00156,00139,00141,00121,00121,00122,00114,00097,00091,00087,00091,00082,00057,00051,00040
052.9,00188,00141,00200,00176,00124,00133,00121,00112,00111,00105,00089,00085,00064,00062,00054,00054,00047,00027,00011,00000
053.0,00165,00131,00176,00170,00104,00110,00104,00095,00084,00080,00063,00058,00041,00029,00025,00019,00014,00000,00000,00000
053.1,00147,00133,00154,00161,00123,00125,00122,00146,00101,00094,00105,00112,00110,00117,00108,00103,00114,00070,00036,00034
053.2,00127,00130,00144,00144,00116,00116,00121,00124,00090,00094,00095,00114,00092,00095,00099,00090,00091,00055,00047,00023
053.3,00111,00134,00138,00137,00122,00103,00113,00089,00063,00060,00064,00079,00053,00059,00064,00059,00054,00019,00016,00000
053.4,00109,00181,00155,00144,00164,00152,00160,00145,00135,00130,00099,00093,00078,00070,00091,00082,00064,00037,00054,00053
053.5,00106,00217,00152,00150,00154,00137,00137,00129,00121,00122,00097,00081,00078,00080,00073,00060,00049,00001,00011,00011
053.6,00093,00212,00174,00168,00170,00160,00136,00111,00111,00113,00097,00077,00068,00074,00062,00053,00046,00005,00000,00000
053.7,00084,00197,00156,00155,00151,00156,00136,00146,00139,00123,00124,00129,00098,00096,00084,00097,00077,00055,00023,00047
053.8,00091,00181,00174,00144,00127,00138,00110,00121,00131,00109,00100,00097,00084,00098,00079,00083,00069,00028,00037,00014
053.9,00140,00161,00163,00143,00133,00138,00112,00101,00103,00096,00091,00082,00063,00078,00057,00055,00040,00001,00008,00000
054.0,00204,00158,00173,00147,00152,00164,00124,00093,00110,00075,00089,00072,00061,00064,00044,00042,00025,00004,00023,00000
054.1,00203,00146,00202,00125,00137,00135,00128,00100,00097,00088,00076,00076,00048,00052,00038,00030,00017,00000,00000,00000
054.2,00182,00139,00203,00132,00133,00138,00122,00107,00103,00097,00084,00066,00048,00040,00032,00008,00006,00000,00000,00000
054.3,00161,00145,00193,00138,00129,00133,00144,00138,00131,00123,00103,00099,00091,00085,00122,00094,00094,00045,00045,00029
054.4,00137,00150,00224,00127,00127,00131,00130,00133,00123,00122,00110,00099,00088,00080,00100,00091,00078,00034,00038,00006
054.5,00130,00170,00207,00147,00145,00142,00149,00141,00129,00123,00119,00103,00096,00080,00099,00081,00063,00043,00037,00035
054.6,00131,00178,00190,00165,00147,00145,00147,00154,00139,00129,00109,00111,00108,00089,00088,00084,00079,00044,00055,00035
054.7,00117,00222,00174,00152,00139,00156,00149,00142,00129,00107,00101,00099,00086,00069,00072,00059,00052,00022,00013,00000
054.8,00152,00220,00180,00168,00139,00155,00139,00132,00119,00108,00106,00098,00069,00062,00059,00038,00031,00009,00014,00000
054.9,00191,00201,00187,00157,00148,00158,00146,00150,00150,00120,00121,00129,00109,00104,00097,00076,00089,00051,00048,00045
055.0,00168,00189,00210,00148,00141,00158,00136,00132,00121,00108,00105,00099,00088,00093,00081,00076,00075,00033,00034,00011
055.1,00155,00182,00187,00167,00138,00145,00117,00107,00099,00091,00088,00084,00066,00081,00062,00054,00043,00006,00011,00000
055.2,00200,00164,00173,00184,00147,00155,00134,00104,00116,00107,00087,00072,00068,00061,00044,00033,00029,00032,00037,00000
055.3,00203,00164,00199,00157,00142,00158,00158,00134,00120,00109,00090,00085,00107,00079,00063,00080,00039,00047,00026,00000
055.4,00170,00152,00191,00153,00137,00161,00155,00149,00131,00098,00089,00083,00133,00066,00054,00067,00029,00012,00022,00003
055.5,00151,00144,00213,00141,00156,00157,00153,00142,00136,00112,00102,00088,00128,00081,00084,00080,00067,00060,00015,00036
055.6,00137,00159,00232,00137,00159,00158,00149,00139,00140,00119,00105,00082,00107,00084,00083,00084,00068,00030,00024,00006
055.7,00127,00153,00207,00135,00143,00153,00141,00134,00131,00105,00088,00078,00095,00065,00058,00059,00038,00000,00000,00000
055.8,00144,00176,00189,00163,00150,00146,00133,00138,00114,00104,00101,00082,00083,00063,00076,00054,00043,00018,00000,00000
055.9,00188,00188,00172,00144,00156,00141,00135,00125,00105,00098,00087,00075,00075,00063,00061,00042,00028,00000,00000,00000
056.0,00164,00209,00167,00143,00171,00133,00137,00125,00104,00099,00090,00074,00061,00041,00039,00023,00000,00000,00000,00000
056.1,00137,00207,00172,00155,00186,00146,00157,00124,00111,00103,00112,00127,00075,00083,00102,00104,00087,00050,00044,00036
056.2,00133,00202,00161,00153,00181,00135,00153,00138,00149,00123,00107,00124,00101,00105,00087,00091,00079,00035,00032,00012
056.3,00135,00198,00164,00144,00166,00156,00151,00142,00143,00150,00116,00121,00103,00099,00101,00087,00086,00035,00072,00007
056.4,00149,00197,00181,00160,00140,00169,00137,00134,00133,00132,00103,00104,00088,00086,00077,00063,00056,00009,00043,00011
056.5,00192,00184,00175,00135,00144,00166,00169,00145,00123,00117,00085,00082,00116,00067,00062,00061,00032,00000,00010,00000
056.6,00159,00165,00171,00134,00153,00150,00152,00142,00121,00095,00097,00081,00107,00070,00047,00048,00016,00000,00000,00000
056.7,00137,00194,00169,00136,00150,00140,00175,00146,00143,00108,00104,00079,00095,00070,00070,00074,00039,00053,00037,00000
056.8,00120,00195,00162,00154,00139,00140,00156,00138,00136,00112,00101,00077,00080,00068,00060,00063,00031,00037,00031,00000
056.9,00124,00184,00169,00145,00142,00127,00130,00132,00124,00098,00088,00067,00069,00046,00037,00041,00000,00004,00001,00000
057.0,00122,00197,00166,00157,00150,00156,00141,00141,00133,00120,00105,00090,00106,00081,00066,00077,00026,00033,00045,00035
057.1,00136,00189,00175,00151,00152,00143,00143,00142,00129,00114,00105,00091,00078,00067,00063,00053,00028,00006,00003,00000
057.2,00150,00187,00162,00171,00162,00139,00134,00124,00108,00097,00082,00068,00062,00050,00046,00035,00022,00000,00000,00000
057.3,00186,00195,00167,00179,00162,00151,00126,00129,00120,00102,00107,00110,00083,00090,00084,00072,00058,00060,00031,00046
057.4,00164,00207,00164,00182,00148,00131,00110,00117,00096,00085,00095,00095,00072,00067,00069,00061,00048,00041,00044,00004
057.5,00151,00213,00165,00179,00137,00139,00138,00110,00106,00096,00089,00086,00078,00062,00061,00039,00030,00030,00017,00000
057.6,00207,00224,00168,00185,00164,00144,00144,00119,00118,00099,00096,00087,00083,00065,00064,00055,00039,00051,00045,00033
057.7,00194,00203,00221,00165,00160,00142,00143,00154,00116,00118,00111,00103,00115,00077,00069,00062,00049,00018,00019,00000
057.8,00166,00193,00223,00150,00156,00140,00161,00148,00141,00127,00128,00096,00117,00073,00076,00059,00029,00037,00006,00000
057.9,00143,00193,00217,00149,00158,00155,00168,00158,00146,00119,00126,00100,00128,00085,00107,00100,00076,00060,00044,00042
058.0,00178,00180,00188,00145,00139,00143,00150,00146,00124,00105,00109,00099,00109,00089,00089,00087,00074,00045,00052,00001
058.1,00162,00180,00174,00144,00136,00154,00147,00134,00121,00098,00096,00094,00090,00065,00063,00066,00033,00014,00028,00000
058.2,00139,00189,00199,00157,00169,00168,00156,00156,00148,00116,00121,00098,00102,00096,00089,00053,00066,00060,00050,00011
058.3,00132,00179,00196,00157,00205,00159,00152,00148,00126,00111,00118,00099,00090,00085,00069,00047,00047,00028,00008,00000
058.4,00118,00170,00196,00152,00193,00145,00146,00135,00118,00093,00097,00094,00087,00068,00053,00044,00037,00000,00000,00000
058.5,00105,00165,00183,00149,00164,00141,00127,00137,00112,00101,00111,00114,00089,00093,00098,00091,00054,00057,00047,00035
058.6,00095,00155,00164,00151,00145,00125,00119,00121,00100,00100,00097,00106,00086,00091,00089,00084,00071,00048,00032,00017
058.7,00145,00176,00162,00142,00142,00127,00118,00125,00096,00080,00088,00091,00075,00061,00066,00064,00041,00019,00024,00000
058.8,00210,00177,00162,00160,00137,00131,00122,00126,00091,00088,00089,00078,00075,00060,00055,00066,00037,00018,00021,00000
058.9,00203,00206,00169,00133,00140,00115,00108,00113,00084,00091,00081,00080,00073,00046,00043,00047,00027,00009,00001,00000
059.0,00185,00201,00164,00145,00129,00113,00109,00129,00079,00096,00071,00078,00066,00053,00044,00024,00020,00000,00000,00000
059.1,00172,00199,00189,00158,00138,00142,00117,00130,00135,00122,00111,00107,00082,00106,00114,00094,00064,00055,00059,00033
059.2,00166,00177,00184,00152,00128,00120,00118,00121,00115,00100,00100,00101,00083,00098,00092,00094,00061,00054,00049,00009
059.3,00138,00183,00181,00151,00128,00115,00117,00125,00108,00081,00099,00086,00065,00069,00072,00065,00032,00013,00019,00000
059.4,00149,00209,00195,00162,00163,00140,00152,00134,00115,00130,00109,00118,00085,00110,00058,00062,00062,00058,00045,00002
059.5,00137,00208,00183,00162,00150,00151,00151,00139,00128,00133,00119,00112,00087,00097,00067,00057,00050,00032,00004,00000
059.6,00114,00210,00180,00151,00134,00139,00130,00134,00107,00104,00096,00089,00064,00076,00049,00043,00028,00000,00000,00000
059.7,00133,00186,00162,00138,00133,00143,00132,00141,00147,00115,00126,00112,00087,00119,00101,00126,00072,00071,00048,00048
059.8,00129,00172,00150,00156,00131,00166,00137,00140,00134,00137,00120,00130,00101,00117,00098,00118,00089,00053,00066,00019
059.9,00120,00191,00148,00139,00136,00148,00139,00139,00113,00155,00112,00144,00108,00097,00094,00104,00076,00034,00045,00000
060.0,00151,00186,00168,00159,00146,00153,00132,00139,00117,00142,00101,00131,00096,00092,00103,00105,00073,00065,00048,00022